<?xml version="1.0"?>
<opencv_storage>
<calibration_Time>"Wed Jan 17 11:59:40 2018"</calibration_Time>
<nrOfFrames>25</nrOfFrames>
<image_Width>640</image_Width>
<image_Height>480</image_Height>
<board_Width>7</board_Width>
<board_Height>4</board_Height>
<square_Size>35.</square_Size>
<FixAspectRatio>1.</FixAspectRatio>
<!-- flags:  +fix_aspectRatio +fix_principal_point +zero_tangent_dist -->
<flagValue>14</flagValue>
<Camera_Matrix type_id="opencv-matrix">
  <rows>3</rows>
  <cols>3</cols>
  <dt>d</dt>
  <data>
    7.0745493517782927e+02 0. 3.1950000000000000e+02 0.
    7.0745493517782927e+02 2.3950000000000000e+02 0. 0. 1.</data></Camera_Matrix>
<Distortion_Coefficients type_id="opencv-matrix">
  <rows>5</rows>
  <cols>1</cols>
  <dt>d</dt>
  <data>
    1.4165152987744197e-02 1.3931379708591188e-01 0. 0.
    7.4175530133099182e-04</data></Distortion_Coefficients>
<Avg_Reprojection_Error>6.6996928840373771e-01</Avg_Reprojection_Error>
<Per_View_Reprojection_Errors type_id="opencv-matrix">
  <rows>25</rows>
  <cols>1</cols>
  <dt>f</dt>
  <data>
    4.17070329e-01 3.67676586e-01 3.94573539e-01 4.81383860e-01
    5.57163954e-01 5.60490310e-01 1.30714869e+00 1.07826638e+00
    8.63717675e-01 4.44104522e-01 4.01771724e-01 6.10223532e-01
    5.02471805e-01 6.59818888e-01 4.48761255e-01 5.39046288e-01
    6.93589687e-01 6.49533331e-01 6.14956975e-01 7.37106204e-01
    4.87129211e-01 8.41954648e-01 1.10198295e+00 3.72394174e-01
    4.98528540e-01</data></Per_View_Reprojection_Errors>
<!-- a set of 6-tuples (rotation vector + translation vector) for each view -->
<Extrinsic_Parameters type_id="opencv-matrix">
  <rows>25</rows>
  <cols>6</cols>
  <dt>d</dt>
  <data>
    1.1194898786013763e-01 3.9152622644819640e-02 3.0892478735226647e+00
    1.6723124604764030e+02 1.1655777423993439e+02 6.4383532529938350e+02
    9.1922217271616702e-02 -2.1294527769662397e-02
    3.0868171917733154e+00 1.6890633410133816e+02 1.1153738980056960e+02
    6.4251441655748567e+02 8.0924093442301559e-02
    -5.9480471079688416e-02 3.0826496588271648e+00
    1.6015806701603327e+02 1.0981249493629031e+02 6.4096350792909459e+02
    2.6175295360141102e-02 -8.0162074188958515e-02
    2.9205238959062059e+00 1.5120116633765878e+02 8.4947763712580695e+01
    6.2153239292524302e+02 2.9475450376268607e-02 2.1691270995407373e-02
    2.7339910298160852e+00 1.4203837555060940e+02 5.7730154234669726e+01
    6.0451244585074130e+02 2.7285070023272663e-02
    -2.0225971309935819e-02 2.3867366804091001e+00
    1.2824564519790422e+02 1.2588090415939888e+01 5.8751251170102637e+02
    -1.3612854700100355e-01 9.8489046668011532e-02
    2.1225271248722137e+00 1.0120217140143463e+02
    -1.5882432663214807e+01 5.6349470423811829e+02
    2.5347673485634627e-02 2.3036187765782151e-01 1.6120497610867983e+00
    3.3794446643153854e+01 -2.8668860726091378e+01
    5.7048507814409322e+02 2.8928363487359464e-02 2.5618686174394995e-01
    1.5288273806693473e+00 1.6984145029356036e+01
    -2.9437143642530607e+01 5.7505365478480462e+02
    7.3503462686061449e-02 2.8448326373639554e-01 1.3739566550587314e+00
    -1.1034141762370048e+01 -3.0969328255801560e+01
    6.0325235167029780e+02 1.9216988846053690e-01 3.5795864561931295e-01
    2.1485211786116043e+00 9.6768255925737918e+01
    -8.5341684616086184e+01 5.5350363237777196e+02
    2.0053119183426021e-01 3.7610075090982364e-01 2.3344545652479871e+00
    1.3090832218376570e+02 -9.6265332029069512e+01
    5.6921249211884913e+02 2.0664604209671611e-01 4.6508005989490714e-01
    2.5459714888038958e+00 1.4622821118302684e+02
    -9.3577208897359370e+01 5.8340160603589675e+02
    1.9967589849255477e-01 4.8858505168129857e-01 2.8164899331956375e+00
    1.5068499641218165e+02 -6.7192883668215018e+01
    5.8535008437853844e+02 -2.2517180714242149e-01
    -2.1966884938226433e-01 -2.9452308379418652e+00
    1.4288062873938014e+02 1.6536562551406838e+01 5.7791291405590323e+02
    -1.7633453906343199e-01 -1.4491030602080268e-01
    -2.7600643952266628e+00 1.3496260296883159e+02
    6.7770650572001017e+01 5.6540917860616105e+02
    -2.4727115331364173e-02 -3.0385815470310934e-01
    -2.4551474487532357e+00 1.1999336405559140e+02
    9.4235313795860037e+01 5.5740359066159317e+02
    -3.9526465698152810e-02 -2.6627062775512805e-01
    -2.2491785828752890e+00 1.2536070854027724e+02
    1.0506136360723332e+02 5.5506517577903548e+02
    -6.5382780308586963e-02 -2.0083889175460687e-01
    -2.1049356918879254e+00 1.2734922430446862e+02
    1.0971534597336291e+02 5.5647871081281517e+02
    -2.0335768760117685e-02 -2.4815776236853238e-01
    -1.8520749624456621e+00 1.1770127843683869e+02
    1.0683223319118554e+02 5.5624233731396600e+02 1.4256028332115087e-01
    -3.3646654788991398e-01 -1.6384833823477341e+00
    1.3034097717065626e+02 1.1961427864265373e+02 5.5766292720517686e+02
    2.1577595632051749e-02 -2.2486077651282824e-01
    -2.7937401415039029e+00 2.1233353999689385e+02
    6.5281989463530294e+01 5.7981423994653346e+02 4.0464454056514498e-02
    8.5784527027111153e-03 3.0585120281790492e+00 1.6802974957871430e+02
    4.2677878966620320e+01 5.5320820652623399e+02 6.7158808818332902e-02
    3.7347795559196439e-01 3.0616837789575100e+00 1.0262554518091478e+02
    3.4742758346105035e+01 5.5287323538746546e+02 1.0911200157547220e-01
    2.8747890412811850e-01 3.1088184031334918e+00 1.0269348915602309e+02
    2.1522214908063237e+01 5.4999624350412353e+02</data></Extrinsic_Parameters>
